install_server_sf_pub: "ssh-rsa AAAAB3NzaC1yc2EAAAADAQABAAABAQCglkm/DpA/LQLXy9/n0MPgwWxNeTCuqUSXpNwqu0bFBWoAYhu00aa9H30s3ApvppCdKl6Uzkc2K9ES2FDCjuhiAreZ815oYcJfoaiHVNXECC+QDCzqMHoQuCKN3JpwisLzQdLxILQ4MMP83rvQhU6ux6A/HWVBEgZCA6srnSAOrfmitAN09R+zUEL7q9SSEsz8++mDbISaChqAwYzHZgT8C3Eh92Vo/SQVQerlPr1I18FcCBGZ7ZJdCA49FS1OWxF3+8ab67Y+pNzJq00bKR41LF8L6G0XMqg8TXelj6CBWdS/0NxExUKYmZEu5d/BHUV45qZV4VFbehXMhsLPT5F1 root@install-server.softwarefactory-project.io"

install_server_sf_key: !vault |
          $ANSIBLE_VAULT;1.1;AES256
          34376165313761366437333561393632363863353064373361383335643134383234366331386334
          6666373039316332363431313539313930323433316162390a613261346330633537613163663637
          34663933346634343932356235343539626266396134663934326632646335626139663464666536
          6666393532653161620a663437366262386232633763353231616237333631353066373161626639
          63373366343130313235336162313637613762353030646430306263383164366131656634373139
          39353331356261393463383535613831353937303636613331616665343339643731333166376437
          30616236353262366338313466303838386565373634313865373133623433343965626665316562
          62643738616337353332613762373739626433353831626463333661633666656331353362633465
          33373463633565383334343635323734663036633034323038643433643136643763323330623661
          35663037363730663037653763323561396164653433613531346238363636366462333230633037
          62333161633462646133623266303266623962383131326265396333633461306430353965653335
          36653431313165626361376237393331626237303663613565323764313533656233313735363536
          65666631323363323533393538373632366462343166373630623135353933646639333563653464
          32326563393735376134353635333966623130336364333164616336373133643039643964356163
          37666537393535313066313231383231633261613665343834643135303663373339303232353638
          33643035643461366563313733626538616334396537363438376231323865343863616631613238
          31613033623161653935326361653066346566306135393633663238663837333665366433336264
          31643433353337643539366437316533366536633639343330353036363364303135343133363361
          66336163633831656639626336326261393961326534343062313739336430633332633437306364
          33663862643334663264323939303034333561383830376531613162343537613731313461643661
          35333138623636316638336635623363396332643534313431613864386664663864613333626633
          35383863623936666133336162353538393536363139323635373962373263306438363835333133
          31633332633763323033616235636630346463636237336664386532353265393464616438666630
          61303834613636373963326435663635356236353937653235613865383039393462323065653766
          35326362633734326365373638393763653166306634313534336431633231323561646536656137
          37363034623565373863303033323662643933663436666632353832346634636162333931643031
          31373230616336306162656237386231393632336433316466303833373237323838616336363865
          35613061353639306538626433653430386134376631626561643464653164616131643464653134
          64666163353331636233643863643432373439353562383865313637626439336462396631363764
          34383831363835306139613065323765343331383237613133323835626635613331313530323835
          37396362356134353366313336663533376536353461636133666366656664366362656633393362
          36623932353139633466376465363862653139626633373664396135393761366539666439353564
          30396264336561336132333263356265363639333836333336356633363535363431363130343432
          35383736376331346635633961343966313166333731623632393537623464303238633433306139
          65313535636339306438373938333436386231396335653466376233383839643337326636663031
          35613730353430343234336438373730373537656166646132376165363135373539303466343934
          39623166643531333833336532313039656361613637353836313835393230386533336335646531
          61653266616237643466653435653639663732306461313962396562376433663335313538326461
          36303961373638393438373764336530633439663965656364666134646433366539393966323261
          62653637333461373363363165633665303331363164383866393466313437623463396333383631
          37663439643231336366393666663733393736396130643866383663353032363366613066336462
          30383964653037323961613939636637326266663334366263623338646639393331646636656634
          35323937383965636133353866636261666530386338323361386564386331303665386461623536
          37613430353236383239343138323665613538396239386230323266313566366130663062636337
          37346636616434353436386532373334373931643231343436303837653930313939653631653330
          66616138656235343162366366303762383266653465373539636236363933303139353666316532
          61313230393830636335393033666635636633383638633665616262376335623464333337386638
          63376636383338663233333630396135313262623437626566663839373735356661373666373639
          38356533343862366336333766663030633563306163396538623233653965373466303438356565
          33613232396161653433373331336564313262396464633062323563376537313536336166396166
          39336565653034353536363063386438333839636239643861366338623861373433316464623836
          37346561646566383633616635356266323837663533343461633131323566366139356632623866
          63666335656162363932376237643639373432356535333535633538663232653062646335303839
          63343466643733306330383563343735316437613533346533333763333438373964636437306534
          31333262383831383364316533663762346361653632633231303865363961653834353962636461
          64323537383631653637323565633934613833393131306434393033343933633734616233363161
          38303734323535653565633833626435623030306237376263343434353638373462303661666634
          62623636313361373039393766656135313134633439373136376262666666623434643666303630
          35663635303062646238616563383632303334313335366330383563663262393434373232356461
          32653764393233363963643139356237383765313261643131373331653462393934356436656634
          37353732633836663863616233356531343539323933343665386230333534383638643137393964
          31343663373434396663346462393833336131313030363936646164323639663232656566653431
          62366632616365346131343831373962643632363937646462393132663738613762633866326566
          34646539353436653166306561616461313537366562373730393238393134393539643366633964
          33353664396638326535333434343666343065316630346239373836643931613363643437336264
          61356430616139646237653261353439373337373232303562343138393761623539363739663266
          62633331336263646230666237326264316137326331663835376531363633643964373530616633
          32663339366235366463656330656335636432663737343865653739363466306439626534333038
          62373266303435633431633934313137393035626666613438666235336366323537333638353162
          62636536393432373232313832613639336566623535613934383562363864643839313338623666
          66383665633137646263633035376265636336636164646165313335333637306562663832363933
          32626366633961616532333039613537633132376666363734613433396231353832393838326336
          36393663636263616233346233303631336665306461353763646564373466616331656632333038
          32626430633539633536626465326235353364333363636134646135386266346632653465353136
          32613337646338663938306233666430623062623938396561613535653438633731653932356131
          30346337346231343733666332376134366236623036373832613037653132373933356563613038
          38383435633632656166396133383138646234346334393862376665636564643238363335336538
          33643433386535623266306331656664336165656665653062323863633330353632386266376162
          31653934363364353062653030616463646230303630363065363036353237303735346135353332
          66393337316630636665303933323563323930396538613833633238343936323835636362323032
          62653731396162653330346630633161356435323765663463636566306639373662376165623563
          63636266336461623662646139393633343432313263343731326633363938623762373661336132
          38613064653639356664343035666332393565303636306235616435343165316232613631343962
          34363961633163396230316637653239363365663662616132663234366163353465303230633362
          30616530373937333433363336343863396161313864643661643336333437323939363265396136
          62666266646234636134663837316363326631353934323661383766623931323564353363313564
          31313739323563343433613963303335623830326130373234663232313233653132373838396265
          65366631393433393039
