logreduce_key: !vault |
          $ANSIBLE_VAULT;1.1;AES256
          62383561346535346435643866626333303133623035396334383431653065316639326666313135
          3965363664373831336565303032613435326533303364650a616636316664613336316165343764
          63303861633265643566393135333334356563356535396431623537366135616333663532383231
          3366353464616635350a316637393439653866326336383734646335636533343339666130633033
          62653664613137356130323436366264383332646439333034393037333736333364343263393238
          61643763366538326136363533306539656366353464313036336238303635393935613537633636
          64343436333635666234383964353738636339653834313566363536393839316262376430323661
          36346431383338303763306561363735333337313633383563373734373430323764323131663035
          65386638363461366266376230346263313538323865656533666536356633636134633438623863
          34336131313631396237613661366131393832313337333766386231613438393632306336656137
          61373836666131646135383566313036303132383036613766326637396238303533346365373932
          30356435353265303336643862623232393937326531373164613063303137656430316130646334
          61376536353732343633643338383038653234306535353530633164353661616631396634386432
          66633532376662343131333962353966653336363534356430353431633663386161303438353430
          62636365376136626635346563343331346364636566363665363430643236333732336565306161
          31646235373965316638326463363966633964313137343066373232316362663839363561663130
          36613232626635653832323935396337366439633766666263323436633666303333353433306434
          34643231323430393166383038303239373961626634343366326561396635366437316231323632
          38373465393036633734313538616462386565343765396230363832656137373266396531613162
          66353034633236343139373539623536316131326436393736633765653234616462323238313439
          32383538363362663763636166613030396439363564323137323233653463626336666239316466
          39356465623861333164363335653533633063376634313335653733333965373139333739633030
          35393332353661626332353963373538346466653337346237363261666463383832343839323436
          35653137363764323365666666306563366635653164353461363533323630313232396364386230
          65613135623536306238626466373230383564363361643831303164383739643566343135343933
          32366539653936653535343662646635313164633866373833616165663335303162303137303061
          38383934636534636634616666383638366265316539303365343065313464623262303530383532
          66646135353838363036393665613766613030666662626138663439323237646165356239663464
          63343362396562663038363037626636613065633231653762623563376630343038363538613031
          31313163393062623963363462666233313439663035643730346664653766383436353734663661
          37306563306639326536393665626363653233666161393866333232353465623833393731373939
          64616430383930656464616364623837653430633034326132373730363763343930636662383861
          35623762353762363363396332386239633461626566613361326635323435383663643563343730
          32333565306462386330306236633266326166643336356635613335643034646535666262323863
          38663765323363646639356236666235336262353631376339376566666366376535393732366132
          33663337326136643538633134633334393164653065356335626631393231316261353438643131
          62313332646332376265643362363931393832306336363039303636356135303165653431323236
          34333633633464666330313464616462623131313763393365343738323238336262393332313565
          37323135366530646637316333353437366263363035623836336566623632653730643463336534
          34353165653432333436353430313439616133346439316465633630323765373032363239313761
          37383637303261393539613466613236653135663539653135313237346238353030663237323536
          63633135666331663064316463323032306565386164373437623735616232366337343334343765
          61643365633235343030623134366330326538616365383863656165626362653262626165636436
          37643164323532333334393239613935333464396365346336333764333236376366383731353366
          30636662343163626461393534663033393362363633613430393563626433643939373234306161
          62656161643065363064396266303130383062333238326236633364346138383035613632323164
          63656638643730323564313533386266633138386465323836383163366134303038313161633265
          63323039653231313534643131303031303330343338326465613131643562303138316164303935
          38316366333830363137323633623163656264313264373737326564386165336661386238336637
          36386265656438373064336331646636313962663532383165336662323431353530623834303432
          36313261366561663532393965363434626531633239626164343839363036643164386139663631
          61363266303430663764653463313133386564653737623832376339323930376538623538356435
          64653537336364343433623931383263383531643965663664396632653331633563663837376132
          34336237343931613336643137373530623962666262653965303464636536393336613231376631
          39373332376331326264363535366361393931316234656433303030646437386265393261303937
          66356562316166626266316530343766366133336266636661313736306364313131643335613232
          35353431306165363634303934616161323635663230353538316330333132653433613132353265
          38336561386331643635383630343961383464643336376463356664363064633233363663333463
          61343164316235383634343332663935346237623766366531353538303839626663396636653638
          35376664323438633330633039336331343834313436653165323164366462363739353737613066
          39346439303736636339656232396235386463623066623233396438616361336436656231646239
          61613834633234313538633864646561393162356639643932643133633434626366386539393063
          63643064396466353133393634303362323239363038666337333037633964353339306535666161
          39663361633461313135396339303338643835323739623066303230643766646663343864666132
          38373132623939383061313230323363396165326565643535336636636562646230633964643564
          64633338353338376132376563393136306462343131396432666635633739323939343162363938
          39663133343961323337343162386264653237393364633633623565303965343737353432373635
          38366566303565613463303734393235663432613966643136643435383563323537353337306331
          32353461313435333838656331626361326461303630626562303965653133643462333635653436
          34346461346132653037616231653137666231336639373464653564653861623630313532343761
          62366139633431346465653337623531613161356132383264643033616630343036656436346633
          38353434343435326137636466313933336335343338633534336361326136646639346565626165
          32343866303139323331313031303836376462346465383666616639336562623231373432313331
          39656539393965656238303331383137663362636336343364386537373233356265373732653064
          38313536343035323239663438333365636132663135393065323638393163346166303430633632
          39383337646232363430656138393561633333336664386161336362323136396636366234356566
          36306532323339653231373138313933643766653966333766383639396131383339383361663264
          38393435653437303865366665353963316366396432373135623764363866633137313063373139
          65656431313938353533313136393631353063313864383265626564643862396634393634326537
          39323064336331623334306139326638353862636630653364353937323765616666366566386661
          33623736303932373062313765373134626664333736393266653534333361666631656133303933
          66633635356338313130373933396565623630303633383239613866313138386331386133333832
          32653834613739333865326631383464623536353438383166303832616437623865663766303936
          37313939303063383837633538613663353962353038316433376466316666326534373336666335
          63353263653232383930313636366365376339623965386637373336306237656664623237643834
          63323062373934306365636437303531333638653663643832316364383166383835366130356232
          34636565316239633832303830353235343363303034653966313639626161313237383563393264
          39646161333964316264
