
rdocloud_master_key: !vault |
          $ANSIBLE_VAULT;1.1;AES256
          62373865303931323734373465336136666461643764376433366665646161656166656262613038
          6135626636366562623765623736313762353562316165340a353731393362333838373838633937
          32303262643161363836646462626362353033346463346466393165346637373964393839306363
          6665376338353434310a316138343835633565373030323661666534313363633166633635613633
          30623130623565656537393866653162336161666433346666306663373961356130623534613934
          37333062326430396361363939373230326666666633613336343131313662663038303133623831
          37343337656136383464653333353234356432316430643733646231623666353732633430333365
          37336363333264666639383862616633376131336365653039363962343966366532666532653963
          33613232303061353965653463336435663363643637663362396465643166646233373732386232
          61633935613733666230633630346165656164643337623763633133373230333262636635623161
          65663565376165663764393033653232346136316566346466633437653265356234346332663464
          34306363303736326339383566636661303232626436323130303637373633343562656635633239
          64633461356162623836393432336465623532386132323332613165666235643562393930313230
          35383836636234643264393930653234616661363361373765396631393336653635616233306231
          38343639326532363131353732363936313232393131383431373461323635303237313934353833
          38623463353063633032323634306234663763396562343066666434393063626166666165373633
          31386435353564306465383231343930393961666233656461353036393765633233366231323331
          39633539346136373038373262376130373735623365336364323137303233333630313232393564
          63613265343864646431343363663963313762326437323834373131616162323731653539376265
          32383361393337373030346532363862303830313331653233616231353361326332323064653433
          62383562626463333963343130356361333266306434623065306165336663643363643830306465
          33626137653262356663396138363938626430313262383066386163663762663030333738376330
          63616564306333633836613232626562616436353063666435313837333734646563303432633763
          35316233333839616539373639663633626436396466313233313866613266376231326336333339
          32383262666336333035373765353438313438303038323166666637303734396434313933326566
          33326661643233333034303630646263346236653537353030646465313439356132636462623063
          33323866303065643634623966353866633865363931356136346366363862346433633633323333
          64663161663037396534663065326561353736313239343162653435643430626563306435653763
          32306432343962656333343065353066613734656237336364623261343434336562353965323364
          65306664643461383634306234613961386536316330656166643535653264656539326662383033
          62396166343632616363636663343532323564306337333565346538343430633065313736666661
          66666538316565663661333363643132626263613562656535646134393765313538623032396234
          38353031313237386363656462373832333238353063613265393530623737316436653637616665
          31343161393638316431353264646635306338333063383865336665613439663165633632303166
          61313765383531316538646465646234396463666466336666313136306135643162356663386330
          63653632363864303663653162326134353734663963643035663761386535373634646231653937
          36356363373764336665306135636336343663343930663835653239653664353838393965646666
          35333364633334633934373531353564646133346366323830663633313263633333396234656261
          37666564323532623638656238653764353265313165613032623333643631393032313236663564
          34646330356535613261656637303231333233653663323939333362656639396330616666303030
          61383264336266616235323664613964353637626665393930373763623463626565353763656438
          38343362333335313866613734646535343066396637333562613730353164363434636630663436
          65656431666432343161306538623963306535336264653130366564333264336666666637643961
          65313330646633653135656563643364343434633461366362326435656335663562303031303965
          63643831613932613733366233386331356236323730333936343931313136313161613064323834
          38336566656135666335393938343863636462306538623365656364376563616635363439336336
          31373839316133376263333665313361366163333731333361623565383263376630346666643365
          64616633653266353339313064643961613533653661363336346234623633363339383461646562
          38633135393035613965383731316162666633333832613839633230356665306330613365636231
          32383166663264353236393932393938303030613930343566656233303034353663386236303663
          32333336613261343830306237663831636432393837356563636533653234666663333530383431
          36346637653761303965616239343336666464636366663035383434363963376530393639646137
          61336130613833303364373961613337386439323334626163303832666534616136326430313566
          39656530653834626533623833356535333661393361633530313436316264393838663534356231
          66616431306134326330343461316138623461353834396538616462386536363463383832633036
          62303236323465326161323138383864656234653462366633346430646662653534666266343932
          63373261336137663039393463366366356633643761326235386432613432666162636539346535
          35383038353735326636346535646561663233393632313164616564386530363135633332383136
          64613765356234303466613163313434633434356366356532613535376266623139373234653337
          36656230616462623665373835333430313034613232613666633932363864653762356133356437
          38613739656565626466613333646536313039316139613033326235323932316564323731366136
          61316165353363646131316235303734666563306566383062363439356264636134336639666139
          62353532313764393937356536653666333061386530333063343230333661323637376666376539
          31646362333863656261636535326164316536623565613234323039616530613331313036373133
          33333962363035636661653661656164663464366265613930636234663531666161363063666631
          66626333623337656537663666623365363338386533333436303234376631326364363836663665
          31666131623965633137613265633934626661643433636633313761303031663364393362646434
          65656535313037336366373137626562343162623564383134303961653039653739663939613436
          35303330616635306631316132336365656332333461346339666266613930316435343939626132
          37313930333562333463643565636464373432653339653538393761666565653633356139356266
          37366332373364613562613130646566613961643637373533656361663738383932316433663835
          36623032343335666262663832336562376163363831653861306566393630383235343163636133
          35636366633062643765353134353037393264663537393832303861326562333433306462656235
          66616638636530386261376530346361303532366466646362393561323632336132626462333732
          39616331376138643464626261646536636333656130613963303563333732653534383631393863
          36653834636539323139613732646437323562653565316364646330663335633632646236636430
          63356462363230623036303831636332393532386362323330626565346631343965636337636434
          30393232373937633462333530613864656665666563626339393932656132336639366162396437
          61376365376166666230366565333436613061633239353136633166316231306366393566646630
          62663930363866643932313537666430393636316565343737333732373036386166323466386531
          31313664333066383364616537623864313637393365303666346130353238393335646136333666
          35613066376132613832336633613761343439313538626262653062656366643435366663666534
          66393031393333356363373537363265326166396131643633316233373565393965323533303865
          65646432373530313535303064646339376434656562313537616665393264353830623665323935
          37623265623034346634613364663437623262323535306135346537306162623232313839326430
          34666664306163666161366432376334653665386665626262383066393034353730306535303039
          39346638313038656166373431326634393064373437613037396638376165346361313137646666
          34663561653536626532386233663436316365346365383766313235633166633130616465303461
          3236
